1600
0 L 0 293 1
0 D 659 293 1
1 L 0 5 1
1 D 591 5 1
2 L 0 8 1
2 D 339 8 1
3 L 0 115 1
3 D 450 115 1
4 L 0 724 1
4 D 428 724 1
5 L 0 133 1
5 D 11 133 1
6 L 0 41 1
6 D 782 41 1
7 L 0 301 1
7 D 332 301 1
8 L 0 160 1
8 D 71 160 1
9 L 0 87 1
9 D 249 87 1
10 L 0 30 1
10 D 36 30 1
11 L 0 862 1
11 D 514 862 1
12 L 0 218 1
12 D 1 218 1
13 L 0 88 1
13 D 159 88 1
14 L 0 385 1
14 D 653 385 1
15 L 0 163 1
15 D 17 163 1
16 L 0 720 1
16 D 449 720 1
17 L 0 162 1
17 D 312 162 1
18 L 0 539 1
18 D 52 539 1
19 L 0 401 1
19 D 422 401 1
0 L 0 255 1
0 D 668 255 1
1 L 0 86 1
1 D 40 86 1
2 L 0 239 1
2 D 70 239 1
3 L 0 149 1
3 D 534 149 1
4 L 0 104 1
4 D 619 104 1
5 L 0 168 1
5 D 259 168 1
6 L 0 18 1
6 D 513 18 1
7 L 0 169 1
7 D 157 169 1
8 L 0 35 1
8 D 160 35 1
9 L 0 136 1
9 D 778 136 1
10 L 0 37 1
10 D 365 37 1
11 L 0 122 1
11 D 76 122 1
12 L 0 242 1
12 D 400 242 1
13 L 0 162 1
13 D 436 162 1
14 L 0 308 1
14 D 447 308 1
15 L 0 158 1
15 D 149 158 1
16 L 0 94 1
16 D 220 94 1
17 L 0 2 1
17 D 452 2 1
18 L 0 119 1
18 D 596 119 1
19 L 0 116 1
19 D 207 116 1
0 L 0 548 1
0 D 338 548 1
1 L 0 16 1
1 D 743 16 1
2 L 0 66 1
2 D 21 66 1
3 L 0 162 1
3 D 89 162 1
4 L 0 66 1
4 D 153 66 1
5 L 0 92 1
5 D 506 92 1
6 L 0 372 1
6 D 134 372 1
7 L 0 139 1
7 D 370 139 1
8 L 0 820 1
8 D 462 820 1
9 L 0 74 1
9 D 652 74 1
10 L 0 111 1
10 D 25 111 1
11 L 0 672 1
11 D 356 672 1
12 L 0 332 1
12 D 525 332 1
13 L 0 108 1
13 D 698 108 1
14 L 0 41 1
14 D 97 41 1
15 L 0 256 1
15 D 362 256 1
16 L 0 0 1
16 D 393 0 1
17 L 0 35 1
17 D 526 35 1
18 L 0 109 1
18 D 634 109 1
19 L 0 70 1
19 D 775 70 1
0 L 0 159 1
0 D 794 159 1
1 L 0 45 1
1 D 37 45 1
2 L 0 239 1
2 D 411 239 1
3 L 0 100 1
3 D 457 100 1
4 L 0 236 1
4 D 593 236 1
5 L 0 30 1
5 D 670 30 1
6 L 0 181 1
6 D 691 181 1
7 L 0 18 1
7 D 757 18 1
8 L 0 28 1
8 D 209 28 1
9 L 0 467 1
9 D 458 467 1
10 L 0 75 1
10 D 217 75 1
11 L 0 80 1
11 D 402 80 1
12 L 0 112 1
12 D 425 112 1
13 L 0 49 1
13 D 679 49 1
14 L 0 170 1
14 D 313 170 1
15 L 0 31 1
15 D 321 31 1
16 L 0 26 1
16 D 494 26 1
17 L 0 380 1
17 D 696 380 1
18 L 0 7 1
18 D 728 7 1
19 L 0 60 1
19 D 90 60 1
0 L 0 4 1
0 D 277 4 1
1 L 0 18 1
1 D 303 18 1
2 L 0 97 1
2 D 396 97 1
3 L 0 50 1
3 D 543 50 1
4 L 0 75 1
4 D 700 75 1
5 L 0 114 1
5 D 284 114 1
6 L 0 142 1
6 D 298 142 1
7 L 0 10 1
7 D 302 10 1
8 L 0 15 1
8 D 413 15 1
9 L 0 184 1
9 D 471 184 1
10 L 0 73 1
10 D 577 73 1
11 L 0 384 1
11 D 681 384 1
12 L 0 28 1
12 D 717 28 1
13 L 0 52 1
13 D 790 52 1
14 L 0 208 1
14 D 294 208 1
15 L 0 37 1
15 D 630 37 1
16 L 0 80 1
16 D 767 80 1
17 L 0 52 1
17 D 6 52 1
18 L 0 185 1
18 D 49 185 1
19 L 0 29 1
19 D 333 29 1
0 L 0 86 1
0 D 211 86 1
1 L 0 41 1
1 D 308 41 1
2 L 0 129 1
2 D 343 129 1
3 L 0 81 1
3 D 382 81 1
4 L 0 80 1
4 D 508 80 1
5 L 0 305 1
5 D 33 305 1
6 L 0 15 1
6 D 412 15 1
7 L 0 11 1
7 D 520 11 1
8 L 0 114 1
8 D 585 114 1
9 L 0 189 1
9 D 674 189 1
10 L 0 44 1
10 D 464 44 1
11 L 0 89 1
11 D 561 89 1
12 L 0 46 1
12 D 115 46 1
13 L 0 452 1
13 D 216 452 1
14 L 0 522 1
14 D 348 522 1
15 L 0 66 1
15 D 798 66 1
16 L 0 741 1
16 D 677 741 1
17 L 0 86 1
17 D 150 86 1
18 L 0 63 1
18 D 152 63 1
19 L 0 133 1
19 D 444 133 1
0 L 0 131 1
0 D 676 131 1
1 L 0 26 1
1 D 784 26 1
2 L 0 242 1
2 D 50 242 1
3 L 0 426 1
3 D 138 426 1
4 L 0 558 1
4 D 175 558 1
5 L 0 81 1
5 D 244 81 1
6 L 0 119 1
6 D 438 119 1
7 L 0 129 2
7 D 766 129 2
8 L 0 126 1
8 D 770 126 1
9 L 0 468 1
9 D 162 468 1
10 L 0 157 1
10 D 456 157 1
11 L 0 186 1
11 D 601 186 1
12 L 0 261 1
12 D 621 261 1
13 L 0 66 1
13 D 715 66 1
14 L 0 112 1
14 D 110 112 1
15 L 0 321 1
15 D 164 321 1
16 L 0 66 1
16 D 292 66 1
17 L 0 41 1
17 D 750 41 1
18 L 0 67 1
18 D 507 67 1
19 L 0 372 1
19 D 631 372 1
0 L 0 265 1
0 D 688 265 1
1 L 0 68 1
1 D 228 68 1
2 L 0 14 1
2 D 660 14 1
3 L 0 242 1
3 D 723 242 1
4 L 0 35 1
4 D 327 35 1
5 L 0 26 1
5 D 711 26 1
6 L 0 68 1
6 D 123 68 1
7 L 0 80 1
7 D 386 80 1
8 L 0 64 1
8 D 693 64 1
9 L 0 316 1
9 D 788 316 1
10 L 0 103 1
10 D 645 103 1
11 L 0 466 1
11 D 139 466 1
12 L 0 275 1
12 D 314 275 1
13 L 0 75 1
13 D 583 75 1
14 L 0 397 1
14 D 780 397 1
15 L 0 28 1
15 D 783 28 1
16 L 0 727 1
16 D 547 727 1
17 L 0 45 1
17 D 617 45 1
18 L 0 168 1
18 D 787 168 1
19 L 0 404 1
19 D 124 404 1
0 L 0 243 1
0 D 541 243 1
1 L 0 10 1
1 D 566 10 1
2 L 0 20 1
2 D 594 20 1
3 L 0 214 1
3 D 740 214 1
4 L 0 17 1
4 D 781 17 1
5 L 0 227 1
5 D 273 227 1
6 L 0 11 1
6 D 554 11 1
7 L 0 221 1
7 D 23 221 1
8 L 0 616 1
8 D 276 616 1
9 L 0 889 1
9 D 465 889 1
10 L 0 407 1
10 D 549 407 1
11 L 0 642 1
11 D 3 642 1
12 L 0 129 1
12 D 128 129 1
13 L 0 97 1
13 D 375 97 1
14 L 0 18 1
14 D 510 18 1
15 L 0 71 1
15 D 684 71 1
16 L 0 81 1
16 D 727 81 1
17 L 0 150 1
17 D 102 150 1
18 L 0 99 1
18 D 82 99 1
19 L 0 8 1
19 D 552 8 1
0 L 0 561 1
0 D 42 561 1
1 L 0 139 1
1 D 53 139 1
2 L 0 104 1
2 D 130 104 1
3 L 0 235 1
3 D 421 235 1
4 L 0 57 1
4 D 95 57 1
5 L 0 17 1
5 D 279 17 1
6 L 0 429 1
6 D 432 429 1
7 L 0 121 1
7 D 641 121 1
8 L 0 349 1
8 D 485 349 1
9 L 0 105 1
9 D 527 105 1
10 L 0 443 1
10 D 627 443 1
11 L 0 41 1
11 D 661 41 1
12 L 0 32 1
12 D 719 32 1
13 L 0 201 1
13 D 763 201 1
14 L 0 43 1
14 D 199 43 1
15 L 0 372 1
15 D 374 372 1
16 L 0 133 1
16 D 678 133 1
17 L 0 19 1
17 D 154 19 1
18 L 0 52 1
18 D 193 52 1
19 L 0 67 1
19 D 258 67 1
0 L 0 53 1
0 D 408 53 1
1 L 0 121 1
1 D 584 121 1
2 L 0 87 1
2 D 640 87 1
3 L 0 12 1
3 D 178 12 1
4 L 0 17 1
4 D 269 17 1
5 L 0 13 1
5 D 390 13 1
6 L 0 63 1
6 D 548 63 1
7 L 0 96 1
7 D 385 96 1
8 L 0 83 1
8 D 556 83 1
9 L 0 147 1
9 D 689 147 1
10 L 0 51 1
10 D 748 51 1
11 L 0 97 1
11 D 41 97 1
12 L 0 275 1
12 D 156 275 1
13 L 0 26 1
13 D 271 26 1
14 L 0 338 1
14 D 297 338 1
15 L 0 82 1
15 D 364 82 1
16 L 0 396 1
16 D 429 396 1
17 L 0 47 1
17 D 519 47 1
18 L 0 643 1
18 D 587 643 1
19 L 0 71 1
19 D 602 71 1
0 L 0 257 1
0 D 603 257 1
1 L 0 121 1
1 D 86 121 1
2 L 0 81 1
2 D 105 81 1
3 L 0 63 1
3 D 174 63 1
4 L 0 397 1
4 D 346 397 1
5 L 0 41 1
5 D 404 41 1
6 L 0 303 1
6 D 419 303 1
7 L 0 98 1
7 D 598 98 1
8 L 0 60 1
8 D 616 60 1
9 L 0 105 1
9 D 623 105 1
10 L 0 127 1
10 D 129 127 1
11 L 0 26 1
11 D 181 26 1
12 L 0 161 1
12 D 234 161 1
13 L 0 35 1
13 D 272 35 1
14 L 0 7 1
14 D 300 7 1
15 L 0 397 1
15 D 644 397 1
16 L 0 401 1
16 D 68 401 1
17 L 0 62 1
17 D 179 62 1
18 L 0 62 1
18 D 206 62 1
19 L 0 64 1
19 D 384 64 1
0 L 0 28 1
0 D 434 28 1
1 L 0 440 1
1 D 477 440 1
2 L 0 31 1
2 D 560 31 1
3 L 0 167 1
3 D 725 167 1
4 L 0 380 1
4 D 747 380 1
5 L 0 224 1
5 D 84 224 1
6 L 0 79 1
6 D 104 79 1
7 L 0 35 1
7 D 165 35 1
8 L 0 97 1
8 D 245 97 1
9 L 0 116 1
9 D 288 116 1
10 L 0 66 1
10 D 336 66 1
11 L 0 404 1
11 D 470 404 1
12 L 0 168 1
12 D 482 168 1
13 L 0 104 1
13 D 500 104 1
14 L 0 486 1
14 D 785 486 1
15 L 0 38 1
15 D 0 38 1
16 L 0 8 1
16 D 5 8 1
17 L 0 52 1
17 D 24 52 1
18 L 0 713 1
18 D 94 713 1
19 L 0 73 1
19 D 219 73 1
0 L 0 270 1
0 D 268 270 1
1 L 0 104 1
1 D 498 104 1
2 L 0 83 1
2 D 724 83 1
3 L 0 52 1
3 D 738 52 1
4 L 0 75 1
4 D 238 75 1
5 L 0 277 1
5 D 306 277 1
6 L 0 33 1
6 D 317 33 1
7 L 0 372 1
7 D 328 372 1
8 L 0 50 1
8 D 344 50 1
9 L 0 157 1
9 D 389 157 1
10 L 0 252 1
10 D 720 252 1
11 L 0 350 1
11 D 73 350 1
12 L 0 185 1
12 D 92 185 1
13 L 0 18 1
13 D 145 18 1
14 L 0 195 1
14 D 196 195 1
15 L 0 5 1
15 D 537 5 1
16 L 0 104 1
16 D 564 104 1
17 L 0 111 1
17 D 575 111 1
18 L 0 4 1
18 D 582 4 1
19 L 0 183 1
19 D 692 183 1
0 L 0 278 1
0 D 697 278 1
1 L 0 615 1
1 D 706 615 1
2 L 0 286 1
2 D 10 286 1
3 L 0 107 1
3 D 14 107 1
4 L 0 221 1
4 D 204 221 1
5 L 0 384 1
5 D 414 384 1
6 L 0 71 1
6 D 745 71 1
7 L 0 75 1
7 D 35 75 1
8 L 0 52 1
8 D 61 52 1
9 L 0 21 1
9 D 77 21 1
10 L 0 187 1
10 D 113 187 1
11 L 0 364 1
11 D 282 364 1
12 L 0 185 1
12 D 290 185 1
13 L 0 221 1
13 D 440 221 1
14 L 0 370 1
14 D 451 370 1
15 L 0 136 1
15 D 488 136 1
16 L 0 10 1
16 D 499 10 1
17 L 0 160 1
17 D 570 160 1
18 L 0 282 1
18 D 114 282 1
19 L 0 158 1
19 D 406 158 1
0 L 0 349 1
0 D 515 349 1
1 L 0 2 1
1 D 521 2 1
2 L 0 113 1
2 D 546 113 1
3 L 0 255 1
3 D 576 255 1
4 L 0 73 1
4 D 608 73 1
5 L 0 7 1
5 D 733 7 1
6 L 0 123 1
6 D 173 123 1
7 L 0 32 1
7 D 208 32 1
8 L 0 19 1
8 D 246 19 1
9 L 0 28 1
9 D 254 28 1
10 L 0 1 1
10 D 267 1 1
11 L 0 153 1
11 D 391 153 1
12 L 0 122 1
12 D 424 122 1
13 L 0 85 1
13 D 435 85 1
14 L 0 26 1
14 D 461 26 1
15 L 0 8 1
15 D 60 8 1
16 L 0 30 1
16 D 281 30 1
17 L 0 1 1
17 D 309 1 1
18 L 0 12 1
18 D 340 12 1
19 L 0 447 1
19 D 376 447 1
0 L 0 28 1
0 D 443 28 1
1 L 0 160 1
1 D 468 160 1
2 L 0 89 1
2 D 592 89 1
3 L 0 100 1
3 D 730 100 1
4 L 0 14 1
4 D 15 14 1
5 L 0 81 1
5 D 101 81 1
6 L 0 512 1
6 D 455 512 1
7 L 0 16 1
7 D 633 16 1
8 L 0 54 1
8 D 648 54 1
9 L 0 78 1
9 D 736 78 1
10 L 0 159 1
10 D 185 159 1
11 L 0 97 1
11 D 202 97 1
12 L 0 278 1
12 D 337 278 1
13 L 0 39 1
13 D 398 39 1
14 L 0 54 1
14 D 475 54 1
15 L 0 992 1
15 D 504 992 1
16 L 0 806 2
16 D 751 806 2
17 L 0 339 1
17 D 752 339 1
18 L 0 104 1
18 D 307 104 1
19 L 0 34 1
19 D 489 34 1
0 L 0 439 1
0 D 213 439 1
1 L 0 222 1
1 D 226 222 1
2 L 0 382 1
2 D 559 382 1
3 L 0 66 1
3 D 573 66 1
4 L 0 266 1
4 D 16 266 1
5 L 0 247 1
5 D 80 247 1
6 L 0 57 1
6 D 225 57 1
7 L 0 49 1
7 D 287 49 1
8 L 0 197 1
8 D 388 197 1
9 L 0 24 1
9 D 538 24 1
10 L 0 133 1
10 D 555 133 1
11 L 0 27 1
11 D 605 27 1
12 L 0 60 1
12 D 683 60 1
13 L 0 910 1
13 D 799 910 1
14 L 0 74 1
14 D 140 74 1
15 L 0 53 1
15 D 667 53 1
16 L 0 370 1
16 D 671 370 1
17 L 0 73 1
17 D 721 73 1
18 L 0 182 1
18 D 253 182 1
19 L 0 7 1
19 D 349 7 1
0 L 0 46 1
0 D 524 46 1
1 L 0 94 1
1 D 629 94 1
2 L 0 116 1
2 D 762 116 1
3 L 0 16 1
3 D 176 16 1
4 L 0 220 1
4 D 239 220 1
5 L 0 110 1
5 D 474 110 1
6 L 0 87 1
6 D 595 87 1
7 L 0 48 1
7 D 642 48 1
8 L 0 70 1
8 D 665 70 1
9 L 0 81 1
9 D 734 81 1
10 L 0 102 1
10 D 335 102 1
11 L 0 41 1
11 D 361 41 1
12 L 0 261 1
12 D 579 261 1
13 L 0 53 1
13 D 663 53 1
14 L 0 107 1
14 D 749 107 1
15 L 0 210 1
15 D 796 210 1
16 L 0 277 1
16 D 85 277 1
17 L 0 154 1
17 D 222 154 1
18 L 0 17 1
18 D 399 17 1
19 L 0 349 1
19 D 4 349 1
0 L 0 54 1
0 D 108 54 1
1 L 0 35 1
1 D 121 35 1
2 L 0 684 1
2 D 231 684 1
3 L 0 680 1
3 D 379 680 1
4 L 0 65 1
4 D 401 65 1
5 L 0 30 1
5 D 615 30 1
6 L 0 49 1
6 D 690 49 1
7 L 0 388 1
7 D 731 388 1
8 L 0 26 1
8 D 98 26 1
9 L 0 74 1
9 D 144 74 1
10 L 0 219 1
10 D 183 219 1
11 L 0 17 1
11 D 481 17 1
12 L 0 18 1
12 D 540 18 1
13 L 0 54 1
13 D 580 54 1
14 L 0 87 1
14 D 699 87 1
15 L 0 384 1
15 D 792 384 1
16 L 0 75 1
16 D 235 75 1
17 L 0 2 1
17 D 293 2 1
18 L 0 12 1
18 D 310 12 1
19 L 0 403 1
19 D 363 403 1
0 L 0 25 1
0 D 478 25 1
1 L 0 96 1
1 D 557 96 1
2 L 0 66 1
2 D 47 66 1
3 L 0 31 1
3 D 256 31 1
4 L 0 286 1
4 D 322 286 1
5 L 0 96 1
5 D 426 96 1
6 L 0 157 1
6 D 530 157 1
7 L 0 130 1
7 D 609 130 1
8 L 0 33 1
8 D 614 33 1
9 L 0 168 1
9 D 646 168 1
10 L 0 100 1
10 D 735 100 1
11 L 0 237 1
11 D 32 237 1
12 L 0 81 1
12 D 367 81 1
13 L 0 221 1
13 D 497 221 1
14 L 0 79 1
14 D 565 79 1
15 L 0 48 1
15 D 20 48 1
16 L 0 12 1
16 D 542 12 1
17 L 0 388 1
17 D 544 388 1
18 L 0 1 1
18 D 626 1 1
19 L 0 465 1
19 D 218 465 1
0 L 0 64 1
0 D 420 64 1
1 L 0 132 1
1 D 704 132 1
2 L 0 121 1
2 D 761 121 1
3 L 0 150 1
3 D 777 150 1
4 L 0 86 1
4 D 106 86 1
5 L 0 22 1
5 D 170 22 1
6 L 0 145 1
6 D 301 145 1
7 L 0 75 1
7 D 378 75 1
8 L 0 295 1
8 D 323 295 1
9 L 0 51 1
9 D 373 51 1
10 L 0 122 1
10 D 649 122 1
11 L 0 28 1
11 D 13 28 1
12 L 0 100 1
12 D 214 100 1
13 L 0 160 1
13 D 286 160 1
14 L 0 15 1
14 D 643 15 1
15 L 0 66 1
15 D 103 66 1
16 L 0 31 1
16 D 171 31 1
17 L 0 116 1
17 D 275 116 1
18 L 0 133 1
18 D 483 133 1
19 L 0 43 1
19 D 744 43 1
0 L 0 2 1
0 D 774 2 1
1 L 0 97 1
1 D 285 97 1
2 L 0 124 1
2 D 109 124 1
3 L 0 41 1
3 D 198 41 1
4 L 0 299 1
4 D 318 299 1
5 L 0 262 1
5 D 487 262 1
6 L 0 70 1
6 D 523 70 1
7 L 0 12 1
7 D 111 12 1
8 L 0 456 1
8 D 262 456 1
9 L 0 49 1
9 D 463 49 1
10 L 0 16 1
10 D 672 16 1
11 L 0 104 1
11 D 27 104 1
12 L 0 10 1
12 D 78 10 1
13 L 0 160 1
13 D 87 160 1
14 L 0 2 1
14 D 243 2 1
15 L 0 7 1
15 D 270 7 1
16 L 0 12 1
16 D 658 12 1
17 L 0 64 1
17 D 705 64 1
18 L 0 69 1
18 D 729 69 1
19 L 0 31 1
19 D 754 31 1
0 L 0 222 1
0 D 359 222 1
1 L 0 61 1
1 D 539 61 1
2 L 0 783 1
2 D 589 783 1
3 L 0 832 1
3 D 600 832 1
4 L 0 126 1
4 D 666 126 1
5 L 0 85 1
5 D 63 85 1
6 L 0 270 1
6 D 79 270 1
7 L 0 205 1
7 D 118 205 1
8 L 0 10 1
8 D 533 10 1
9 L 0 389 1
9 D 703 389 1
10 L 0 150 1
10 D 789 150 1
11 L 0 418 1
11 D 793 418 1
12 L 0 153 1
12 D 96 153 1
13 L 0 160 1
13 D 415 160 1
14 L 0 247 1
14 D 505 247 1
15 L 0 14 1
15 D 99 14 1
16 L 0 289 1
16 D 331 289 1
17 L 0 142 1
17 D 650 142 1
18 L 0 193 1
18 D 263 193 1
19 L 0 241 1
19 D 395 241 1
0 L 0 43 1
0 D 535 43 1
1 L 0 242 1
1 D 126 242 1
2 L 0 217 1
2 D 355 217 1
3 L 0 155 1
3 D 517 155 1
4 L 0 22 1
4 D 569 22 1
5 L 0 7 1
5 D 606 7 1
6 L 0 10 1
6 D 611 10 1
7 L 0 123 1
7 D 639 123 1
8 L 0 149 1
8 D 712 149 1
9 L 0 80 1
9 D 776 80 1
10 L 0 54 1
10 D 518 54 1
11 L 0 185 1
11 D 93 185 1
12 L 0 862 1
12 D 191 862 1
13 L 0 221 1
13 D 324 221 1
14 L 0 158 1
14 D 350 158 1
15 L 0 186 1
15 D 512 186 1
16 L 0 35 1
16 D 612 35 1
17 L 0 185 1
17 D 635 185 1
18 L 0 673 1
18 D 664 673 1
19 L 0 26 1
19 D 686 26 1
0 L 0 64 1
0 D 707 64 1
1 L 0 92 1
1 D 133 92 1
2 L 0 14 1
2 D 186 14 1
3 L 0 221 1
3 D 210 221 1
4 L 0 57 1
4 D 280 57 1
5 L 0 158 1
5 D 334 158 1
6 L 0 513 1
6 D 392 513 1
7 L 0 2 1
7 D 511 2 1
8 L 0 50 1
8 D 581 50 1
9 L 0 106 1
9 D 100 106 1
10 L 0 66 1
10 D 116 66 1
11 L 0 284 1
11 D 200 284 1
12 L 0 96 1
12 D 423 96 1
13 L 0 34 1
13 D 655 34 1
14 L 0 129 1
14 D 758 129 1
15 L 0 199 1
15 D 779 199 1
16 L 0 35 1
16 D 316 35 1
17 L 0 199 1
17 D 756 199 1
18 L 0 202 1
18 D 48 202 1
19 L 0 125 1
19 D 142 125 1
0 L 0 70 1
0 D 319 70 1
1 L 0 384 1
1 D 352 384 1
2 L 0 290 1
2 D 430 290 1
3 L 0 63 1
3 D 536 63 1
4 L 0 179 1
4 D 618 179 1
5 L 0 289 1
5 D 251 289 1
6 L 0 10 1
6 D 291 10 1
7 L 0 17 1
7 D 315 17 1
8 L 0 108 1
8 D 502 108 1
9 L 0 653 1
9 D 531 653 1
10 L 0 41 1
10 D 44 41 1
11 L 0 113 1
11 D 320 113 1
12 L 0 490 1
12 D 550 490 1
13 L 0 185 1
13 D 662 185 1
14 L 0 7 1
14 D 714 7 1
15 L 0 70 1
15 D 257 70 1
16 L 0 350 1
16 D 448 350 1
17 L 0 210 1
17 D 588 210 1
18 L 0 121 1
18 D 795 121 1
19 L 0 21 1
19 D 409 21 1
0 L 0 177 1
0 D 562 177 1
1 L 0 128 1
1 D 737 128 1
2 L 0 400 1
2 D 746 400 1
3 L 0 77 1
3 D 39 77 1
4 L 0 441 1
4 D 46 441 1
5 L 0 238 1
5 D 59 238 1
6 L 0 233 1
6 D 233 233 1
7 L 0 150 1
7 D 305 150 1
8 L 0 17 1
8 D 358 17 1
9 L 0 560 1
9 D 383 560 1
10 L 0 500 1
10 D 571 500 1
11 L 0 139 1
11 D 28 139 1
12 L 0 81 1
12 D 56 81 1
13 L 0 22 1
13 D 445 22 1
14 L 0 375 1
14 D 545 375 1
15 L 0 15 1
15 D 628 15 1
16 L 0 64 1
16 D 773 64 1
17 L 0 162 1
17 D 91 162 1
18 L 0 132 2
18 D 151 132 2
19 L 0 228 1
19 D 194 228 1
0 L 0 43 1
0 D 403 43 1
1 L 0 256 1
1 D 437 256 1
2 L 0 22 1
2 D 250 22 1
3 L 0 182 1
3 D 341 182 1
4 L 0 401 1
4 D 8 401 1
5 L 0 175 1
5 D 83 175 1
6 L 0 150 1
6 D 167 150 1
7 L 0 69 1
7 D 480 69 1
8 L 0 58 1
8 D 654 58 1
9 L 0 51 1
9 D 7 51 1
10 L 0 18 1
10 D 122 18 1
11 L 0 167 1
11 D 155 167 1
12 L 0 25 1
12 D 177 25 1
13 L 0 18 1
13 D 260 18 1
14 L 0 113 1
14 D 476 113 1
15 L 0 158 1
15 D 65 158 1
16 L 0 70 1
16 D 182 70 1
17 L 0 811 1
17 D 188 811 1
18 L 0 26 1
18 D 295 26 1
19 L 0 193 1
19 D 495 193 1
0 L 0 93 1
0 D 64 93 1
1 L 0 111 1
1 D 119 111 1
2 L 0 205 1
2 D 410 205 1
3 L 0 62 1
3 D 501 62 1
4 L 0 320 1
4 D 682 320 1
5 L 0 101 1
5 D 702 101 1
6 L 0 26 1
6 D 141 26 1
7 L 0 154 1
7 D 351 154 1
8 L 0 17 1
8 D 431 17 1
9 L 0 268 1
9 D 439 268 1
10 L 0 27 1
10 D 532 27 1
11 L 0 31 1
11 D 567 31 1
12 L 0 51 1
12 D 197 51 1
13 L 0 13 1
13 D 236 13 1
14 L 0 512 1
14 D 742 512 1
15 L 0 41 2
15 D 43 41 2
16 L 0 614 1
16 D 74 614 1
17 L 0 650 1
17 D 107 650 1
18 L 0 26 1
18 D 484 26 1
19 L 0 525 1
19 D 491 525 1
0 L 0 277 1
0 D 503 277 1
1 L 0 247 1
1 D 184 247 1
2 L 0 370 1
2 D 604 370 1
3 L 0 47 1
3 D 769 47 1
4 L 0 14 1
4 D 26 14 1
5 L 0 32 1
5 D 283 32 1
6 L 0 28 1
6 D 296 28 1
7 L 0 62 1
7 D 427 62 1
8 L 0 149 1
8 D 563 149 1
9 L 0 228 1
9 D 568 228 1
10 L 0 121 1
10 D 772 121 1
11 L 0 30 1
11 D 29 30 1
12 L 0 31 1
12 D 215 31 1
13 L 0 93 1
13 D 590 93 1
14 L 0 39 1
14 D 651 39 1
15 L 0 66 1
15 D 416 66 1
16 L 0 179 1
16 D 493 179 1
17 L 0 34 1
17 D 760 34 1
18 L 0 224 1
18 D 201 224 1
19 L 0 85 1
19 D 31 85 1
0 L 0 49 1
0 D 38 49 1
1 L 0 40 1
1 D 229 40 1
2 L 0 559 1
2 D 242 559 1
3 L 0 278 1
3 D 366 278 1
4 L 0 196 1
4 D 377 196 1
5 L 0 55 1
5 D 397 55 1
6 L 0 58 1
6 D 69 58 1
7 L 0 90 1
7 D 381 90 1
8 L 0 26 1
8 D 522 26 1
9 L 0 188 1
9 D 624 188 1
10 L 0 5 1
10 D 669 5 1
11 L 0 45 1
11 D 675 45 1
12 L 0 123 1
12 D 467 123 1
13 L 0 80 1
13 D 551 80 1
14 L 0 58 1
14 D 136 58 1
15 L 0 475 1
15 D 232 475 1
16 L 0 47 1
16 D 347 47 1
17 L 0 99 1
17 D 433 99 1
18 L 0 5 1
18 D 441 5 1
19 L 0 88 1
19 D 726 88 1
0 L 0 14 1
0 D 187 14 1
1 L 0 109 1
1 D 299 109 1
2 L 0 55 1
2 D 496 55 1
3 L 0 71 1
3 D 716 71 1
4 L 0 135 1
4 D 753 135 1
5 L 0 191 1
5 D 62 191 1
6 L 0 49 1
6 D 252 49 1
7 L 0 1 1
7 D 446 1 1
8 L 0 107 1
8 D 369 107 1
9 L 0 71 1
9 D 553 71 1
10 L 0 86 1
10 D 741 86 1
11 L 0 99 1
11 D 786 99 1
12 L 0 63 1
12 D 75 63 1
13 L 0 205 1
13 D 195 205 1
14 L 0 168 1
14 D 636 168 1
15 L 0 63 2
15 D 685 63 2
16 L 0 89 1
16 D 764 89 1
17 L 0 10 1
17 D 771 10 1
18 L 0 1 1
18 D 58 1 1
19 L 0 129 1
19 D 212 129 1
0 L 0 114 1
0 D 224 114 1
1 L 0 61 1
1 D 459 61 1
2 L 0 384 1
2 D 680 384 1
3 L 0 884 1
3 D 137 884 1
4 L 0 161 1
4 D 143 161 1
5 L 0 233 1
5 D 147 233 1
6 L 0 66 1
6 D 418 66 1
7 L 0 312 1
7 D 574 312 1
8 L 0 10 1
8 D 54 10 1
9 L 0 382 1
9 D 132 382 1
10 L 0 104 1
10 D 264 104 1
11 L 0 253 1
11 D 304 253 1
12 L 0 282 1
12 D 486 282 1
13 L 0 675 1
13 D 490 675 1
14 L 0 19 1
14 D 227 19 1
15 L 0 75 1
15 D 492 75 1
16 L 0 142 1
16 D 739 142 1
17 L 0 37 1
17 D 81 37 1
18 L 0 76 1
18 D 466 76 1
19 L 0 89 1
19 D 632 89 1
0 L 0 431 1
0 D 755 431 1
1 L 0 64 1
1 D 146 64 1
2 L 0 109 1
2 D 158 109 1
3 L 0 163 1
3 D 180 163 1
4 L 0 163 1
4 D 360 163 1
5 L 0 772 1
5 D 387 772 1
6 L 0 306 1
6 D 528 306 1
7 L 0 66 1
7 D 223 66 1
8 L 0 113 1
8 D 345 113 1
9 L 0 49 1
9 D 529 49 1
10 L 0 5 1
10 D 673 5 1
11 L 0 139 1
11 D 759 139 1
12 L 0 32 1
12 D 261 32 1
13 L 0 38 1
13 D 325 38 1
14 L 0 171 1
14 D 357 171 1
15 L 0 409 1
15 D 732 409 1
16 L 0 121 1
16 D 765 121 1
17 L 0 307 1
17 D 289 307 1
18 L 0 16 1
18 D 407 16 1
19 L 0 93 1
19 D 230 93 1
0 L 0 7 1
0 D 274 7 1
1 L 0 598 1
1 D 694 598 1
2 L 0 47 1
2 D 19 47 1
3 L 0 16 1
3 D 368 16 1
4 L 0 759 1
4 D 371 759 1
5 L 0 45 1
5 D 472 45 1
6 L 0 67 1
6 D 709 67 1
7 L 0 57 1
7 D 2 57 1
8 L 0 166 1
8 D 112 166 1
9 L 0 27 1
9 D 453 27 1
10 L 0 86 1
10 D 469 86 1
11 L 0 52 1
11 D 205 52 1
12 L 0 160 1
12 D 687 160 1
13 L 0 63 1
13 D 713 63 1
14 L 0 278 1
14 D 718 278 1
15 L 0 431 1
15 D 12 431 1
16 L 0 89 1
16 D 34 89 1
17 L 0 57 1
17 D 120 57 1
18 L 0 76 1
18 D 169 76 1
19 L 0 819 1
19 D 190 819 1
0 L 0 398 1
0 D 442 398 1
1 L 0 277 1
1 D 613 277 1
2 L 0 108 1
2 D 701 108 1
3 L 0 157 1
3 D 417 157 1
4 L 0 16 1
4 D 597 16 1
5 L 0 289 1
5 D 610 289 1
6 L 0 298 1
6 D 247 298 1
7 L 0 57 1
7 D 625 57 1
8 L 0 31 1
8 D 148 31 1
9 L 0 32 1
9 D 586 32 1
10 L 0 683 1
10 D 326 683 1
11 L 0 659 1
11 D 172 659 1
12 L 0 45 1
12 D 248 45 1
13 L 0 100 1
13 D 354 100 1
14 L 0 301 1
14 D 166 301 1
15 L 0 142 1
15 D 30 142 1
16 L 0 80 1
16 D 55 80 1
17 L 0 296 1
17 D 330 296 1
18 L 0 43 1
18 D 117 43 1
19 L 0 35 1
19 D 67 35 1
0 L 0 622 1
0 D 578 622 1
1 L 0 356 1
1 D 656 356 1
2 L 0 5 1
2 D 394 5 1
3 L 0 112 2
3 D 509 112 2
4 L 0 239 1
4 D 622 239 1
5 L 0 73 1
5 D 638 73 1
6 L 0 119 1
6 D 9 119 1
7 L 0 51 1
7 D 342 51 1
8 L 0 54 1
8 D 372 54 1
9 L 0 107 1
9 D 647 107 1
10 L 0 48 1
10 D 657 48 1
11 L 0 81 1
11 D 473 81 1
12 L 0 26 1
12 D 127 26 1
13 L 0 43 1
13 D 460 43 1
14 L 0 8 1
14 D 572 8 1
15 L 0 78 1
15 D 710 78 1
16 L 0 184 1
16 D 278 184 1
17 L 0 384 1
17 D 768 384 1
18 L 0 66 1
18 D 88 66 1
19 L 0 360 1
19 D 620 360 1
0 L 0 10 1
0 D 57 10 1
1 L 0 17 1
1 D 22 17 1
2 L 0 2 1
2 D 255 2 1
3 L 0 173 1
3 D 797 173 1
4 L 0 31 1
4 D 329 31 1
5 L 0 36 1
5 D 192 36 1
6 L 0 218 1
6 D 791 218 1
7 L 0 54 1
7 D 203 54 1
8 L 0 10 1
8 D 637 10 1
9 L 0 21 1
9 D 405 21 1
10 L 0 52 1
10 D 168 52 1
11 L 0 37 1
11 D 241 37 1
12 L 0 35 1
12 D 380 35 1
13 L 0 32 1
13 D 135 32 1
14 L 0 41 1
14 D 695 41 1
15 L 0 97 1
15 D 45 97 1
16 L 0 32 1
16 D 51 32 1
17 L 0 62 1
17 D 708 62 1
18 L 0 110 1
18 D 72 110 1
19 L 0 27 1
19 D 240 27 1
0 L 0 96 1
0 D 516 96 1
1 L 0 14 1
1 D 161 14 1
2 L 0 130 1
2 D 125 130 1
3 L 0 51 1
3 D 163 51 1
4 L 0 59 1
4 D 599 59 1
5 L 0 437 1
5 D 265 437 1
6 L 0 548 1
6 D 189 548 1
7 L 0 465 1
7 D 454 465 1
8 L 0 40 1
8 D 353 40 1
9 L 0 63 1
9 D 237 63 1
10 L 0 61 1
10 D 722 61 1
11 L 0 119 1
11 D 18 119 1
12 L 0 336 1
12 D 66 336 1
13 L 0 259 1
13 D 607 259 1
14 L 0 281 1
14 D 131 281 1
15 L 0 49 1
15 D 479 49 1
16 L 0 64 1
16 D 221 64 1
17 L 0 28 1
17 D 311 28 1
18 L 0 123 1
18 D 266 123 1
19 L 0 54 1
19 D 558 54 1