2000
0 L 0 250 1
0 D 526 250 1
1 L 0 437 1
1 D 344 437 1
2 L 0 129 1
2 D 809 129 1
3 L 0 8 1
3 D 366 8 1
4 L 0 647 1
4 D 849 647 1
5 L 0 68 1
5 D 915 68 1
6 L 0 761 1
6 D 974 761 1
7 L 0 52 1
7 D 542 52 1
8 L 0 158 1
8 D 864 158 1
9 L 0 362 1
9 D 121 362 1
10 L 0 71 1
10 D 739 71 1
11 L 0 1106 1
11 D 507 1106 1
12 L 0 10 1
12 D 701 10 1
13 L 0 238 1
13 D 276 238 1
14 L 0 428 1
14 D 828 428 1
15 L 0 552 1
15 D 255 552 1
16 L 0 78 1
16 D 384 78 1
17 L 0 54 1
17 D 77 54 1
18 L 0 127 1
18 D 264 127 1
19 L 0 53 1
19 D 914 53 1
20 L 0 216 1
20 D 508 216 1
21 L 0 80 1
21 D 348 80 1
22 L 0 45 1
22 D 446 45 1
23 L 0 127 1
23 D 738 127 1
24 L 0 171 1
24 D 797 171 1
25 L 0 479 1
25 D 861 479 1
26 L 0 175 1
26 D 979 175 1
27 L 0 299 1
27 D 713 299 1
28 L 0 161 1
28 D 951 161 1
29 L 0 409 1
29 D 17 409 1
21 L 5 16 1
21 D 441 16 1
1 L 5 195 1
1 D 405 195 1
0 L 0 363 1
0 D 76 363 1
2 L 5 242 1
2 D 672 242 1
3 L 0 983 1
3 D 485 983 1
8 L 5 303 1
8 D 103 303 1
4 L 0 297 1
4 D 20 297 1
5 L 0 183 1
5 D 46 183 1
6 L 0 257 1
6 D 66 257 1
26 L 5 282 1
26 D 781 282 1
7 L 0 129 1
7 D 373 129 1
9 L 0 168 1
9 D 230 168 1
10 L 0 97 1
10 D 867 97 1
11 L 0 432 1
11 D 454 432 1
16 L 5 104 1
16 D 502 104 1
23 L 1 73 1
23 D 840 73 1
12 L 0 27 1
12 D 791 27 1
27 L 1 672 1
27 D 253 672 1
13 L 0 94 1
13 D 973 94 1
28 L 1 300 1
28 D 460 300 1
14 L 0 193 1
14 D 118 193 1
15 L 0 194 1
15 D 679 194 1
18 L 1 54 1
18 D 145 54 1
17 L 0 82 1
17 D 792 82 1
21 L 5 807 1
21 D 525 807 1
19 L 0 49 1
19 D 64 49 1
20 L 0 488 1
20 D 221 488 1
22 L 0 775 1
22 D 327 775 1
23 L 1 583 1
23 D 386 583 1
1 L 1 755 1
1 D 613 755 1
26 L 1 77 1
26 D 764 77 1
24 L 0 642 1
24 D 816 642 1
25 L 0 36 1
25 D 422 36 1
2 L 5 553 1
2 D 423 553 1
27 L 1 573 1
27 D 21 573 1
29 L 0 455 1
29 D 578 455 1
5 L 1 1022 1
5 D 310 1022 1
16 L 1 399 1
16 D 998 399 1
28 L 1 21 1
28 D 251 21 1
7 L 1 407 1
7 D 309 407 1
8 L 5 713 1
8 D 620 713 1
18 L 1 1267 1
18 D 812 1267 1
0 L 0 166 1
0 D 589 166 1
3 L 0 95 1
3 D 196 95 1
9 L 1 541 1
9 D 167 541 1
4 L 0 185 1
4 D 710 185 1
6 L 0 764 1
6 D 92 764 1
21 L 1 551 1
21 D 643 551 1
23 L 14 26 1
23 D 877 26 1
1 L 1 232 1
1 D 155 232 1
10 L 0 100 1
10 D 96 100 1
26 L 1 63 1
26 D 1 63 1
11 L 0 26 1
11 D 983 26 1
5 L 14 126 1
5 D 995 126 1
16 L 14 124 1
16 D 499 124 1
12 L 0 18 1
12 D 100 18 1
27 L 14 92 1
27 D 487 92 1
13 L 0 484 1
13 D 171 484 1
23 L 14 290 1
23 D 105 290 1
2 L 1 50 1
2 D 130 50 1
14 L 0 342 1
14 D 222 342 1
7 L 14 114 1
7 D 199 114 1
15 L 0 44 1
15 D 325 44 1
28 L 1 338 1
28 D 67 338 1
18 L 14 30 1
18 D 489 30 1
17 L 0 595 1
17 D 813 595 1
19 L 0 19 1
19 D 978 19 1
5 L 14 86 1
5 D 241 86 1
20 L 4 210 1
20 D 185 210 1
22 L 0 151 1
22 D 416 151 1
16 L 14 63 1
16 D 496 63 1
8 L 1 125 1
8 D 204 125 1
20 L 4 93 1
20 D 872 93 1
24 L 0 346 1
24 D 231 346 1
27 L 14 308 1
27 D 127 308 1
25 L 0 58 1
25 D 263 58 1
3 L 1 26 1
3 D 733 26 1
9 L 1 83 1
9 D 131 83 1
29 L 0 28 1
29 D 449 28 1
20 L 4 393 1
20 D 746 393 1
21 L 1 940 1
21 D 923 940 1
26 L 14 610 1
26 D 543 610 1
23 L 14 34 1
23 D 667 34 1
1 L 1 216 1
1 D 44 216 1
7 L 14 184 1
7 D 229 184 1
0 L 0 772 1
0 D 775 772 1
2 L 14 300 1
2 D 919 300 1
18 L 14 500 1
18 D 84 500 1
20 L 4 104 1
20 D 817 104 1
4 L 0 99 1
4 D 850 99 1
6 L 0 1508 1
6 D 858 1508 1
5 L 14 195 1
5 D 641 195 1
10 L 4 261 1
10 D 97 261 1
13 L 1 1313 1
13 D 108 1313 1
16 L 6 48 1
16 D 991 48 1
20 L 4 94 1
20 D 705 94 1
12 L 1 68 1
12 D 665 68 1
11 L 0 14 1
11 D 83 14 1
28 L 1 2 1
28 D 248 2 1
27 L 14 184 1
27 D 695 184 1
14 L 4 196 1
14 D 749 196 1
2 L 6 231 1
2 D 187 231 1
10 L 4 153 1
10 D 806 153 1
17 L 4 22 1
17 D 632 22 1
8 L 1 382 1
8 D 364 382 1
15 L 0 28 1
15 D 165 28 1
26 L 14 14 1
26 D 244 14 1
16 L 6 861 1
16 D 945 861 1
20 L 4 10 1
20 D 698 10 1
23 L 14 31 1
23 D 143 31 1
3 L 1 642 1
3 D 820 642 1
19 L 0 342 1
19 D 536 342 1
22 L 4 380 1
22 D 431 380 1
14 L 4 133 1
14 D 674 133 1
7 L 14 167 1
7 D 304 167 1
9 L 1 244 1
9 D 434 244 1
18 L 6 534 1
18 D 989 534 1
10 L 4 172 1
10 D 805 172 1
29 L 4 477 1
29 D 62 477 1
21 L 1 68 1
21 D 365 68 1
17 L 4 96 1
17 D 729 96 1
24 L 0 66 1
24 D 179 66 1
25 L 4 296 1
25 D 885 296 1
1 L 14 43 1
1 D 330 43 1
2 L 6 157 1
2 D 123 157 1
20 L 4 11 1
20 D 99 11 1
0 L 4 45 1
0 D 808 45 1
22 L 4 582 1
22 D 878 582 1
5 L 8 149 1
5 D 39 149 1
14 L 4 199 1
14 D 137 199 1
13 L 14 688 1
13 D 43 688 1
10 L 4 278 1
10 D 399 278 1
16 L 6 747 1
16 D 326 747 1
29 L 4 163 1
29 D 936 163 1
5 L 8 289 1
5 D 306 289 1
17 L 4 54 1
17 D 394 54 1
4 L 1 116 1
4 D 163 116 1
25 L 4 68 1
25 D 189 68 1
23 L 6 18 1
23 D 198 18 1
27 L 14 73 1
27 D 477 73 1
5 L 8 159 1
5 D 614 159 1
6 L 0 525 1
6 D 651 525 1
11 L 4 85 1
11 D 880 85 1
12 L 1 385 1
12 D 845 385 1
20 L 4 67 1
20 D 211 67 1
28 L 1 41 1
28 D 195 41 1
5 L 8 837 1
5 D 638 837 1
18 L 6 370 1
18 D 694 370 1
0 L 4 559 1
0 D 769 559 1
22 L 4 391 1
22 D 106 391 1
26 L 14 66 1
26 D 903 66 1
5 L 8 121 1
5 D 847 121 1
14 L 4 281 1
14 D 723 281 1
7 L 8 153 1
7 D 866 153 1
10 L 4 1204 1
10 D 940 1204 1
2 L 6 898 1
2 D 219 898 1
8 L 1 10 1
8 D 284 10 1
29 L 4 971 1
29 D 996 971 1
15 L 0 460 1
15 D 876 460 1
5 L 8 512 1
5 D 473 512 1
17 L 4 45 1
17 D 937 45 1
1 L 8 58 1
1 D 933 58 1
3 L 1 89 1
3 D 292 89 1
25 L 4 727 1
25 D 636 727 1
7 L 8 159 1
7 D 35 159 1
19 L 0 734 1
19 D 403 734 1
11 L 4 505 1
11 D 676 505 1
24 L 4 1013 1
24 D 682 1013 1
5 L 8 38 1
5 D 110 38 1
21 L 14 459 1
21 D 157 459 1
9 L 1 30 1
9 D 25 30 1
20 L 4 958 1
20 D 798 958 1
1 L 8 83 1
1 D 480 83 1
13 L 8 219 1
13 D 624 219 1
7 L 8 278 1
7 D 640 278 1
0 L 4 29 1
0 D 780 29 1
16 L 6 26 1
16 D 419 26 1
22 L 4 412 1
22 D 354 412 1
5 L 8 10 1
5 D 158 10 1
14 L 4 265 1
14 D 482 265 1
1 L 8 49 1
1 D 339 49 1
13 L 8 547 1
13 D 743 547 1
10 L 4 11 1
10 D 411 11 1
7 L 8 28 1
7 D 60 28 1
29 L 4 302 1
29 D 627 302 1
23 L 8 218 1
23 D 469 218 1
27 L 8 81 1
27 D 559 81 1
17 L 4 567 1
17 D 930 567 1
5 L 8 553 1
5 D 176 553 1
25 L 4 296 1
25 D 539 296 1
18 L 6 475 1
18 D 928 475 1
1 L 8 130 1
1 D 666 130 1
11 L 4 54 1
11 D 615 54 1
13 L 8 271 1
13 D 55 271 1
6 L 4 631 1
6 D 680 631 1
24 L 4 508 1
24 D 838 508 1
7 L 8 476 1
7 D 132 476 1
4 L 1 973 1
4 D 341 973 1
20 L 4 122 1
20 D 650 122 1
23 L 8 121 1
23 D 668 121 1
2 L 8 751 1
2 D 493 751 1
27 L 8 64 1
27 D 717 64 1
26 L 8 54 1
26 D 975 54 1
0 L 4 386 1
0 D 965 386 1
12 L 8 163 1
12 D 135 163 1
5 L 8 259 1
5 D 956 259 1
28 L 0 383 1
28 D 102 383 1
22 L 4 992 1
22 D 115 992 1
1 L 8 929 1
1 D 201 929 1
14 L 4 191 1
14 D 302 191 1
13 L 8 586 1
13 D 274 586 1
21 L 8 527 1
21 D 484 527 1
17 L 11 335 1
17 D 183 335 1
7 L 8 133 1
7 D 735 133 1
10 L 4 413 1
10 D 786 413 1
29 L 7 89 1
29 D 417 89 1
23 L 8 164 1
23 D 54 164 1
15 L 0 490 1
15 D 161 490 1
2 L 8 26 1
2 D 737 26 1
27 L 8 130 1
27 D 177 130 1
8 L 1 15 1
8 D 148 15 1
26 L 8 299 1
26 D 483 299 1
16 L 8 919 1
16 D 28 919 1
17 L 11 99 1
17 D 260 99 1
25 L 4 129 1
25 D 900 129 1
19 L 0 66 1
19 D 702 66 1
29 L 7 64 1
29 D 401 64 1
24 L 11 1052 1
24 D 14 1052 1
12 L 8 167 1
12 D 69 167 1
3 L 1 124 1
3 D 452 124 1
11 L 4 32 1
11 D 265 32 1
5 L 8 492 1
5 D 567 492 1
6 L 4 71 1
6 D 443 71 1
20 L 4 184 1
20 D 793 184 1
1 L 8 35 1
1 D 278 35 1
9 L 1 57 1
9 D 920 57 1
13 L 8 172 1
13 D 703 172 1
17 L 11 43 1
17 D 714 43 1
21 L 8 16 1
21 D 763 16 1
0 L 4 235 1
0 D 852 235 1
29 L 7 918 1
29 D 234 918 1
7 L 8 435 1
7 D 966 435 1
24 L 11 192 1
24 D 338 192 1
22 L 4 1359 1
22 D 921 1359 1
23 L 8 48 1
23 D 57 48 1
2 L 8 253 1
2 D 886 253 1
18 L 6 590 1
18 D 776 590 1
14 L 4 127 1
14 D 71 127 1
27 L 8 287 1
27 D 727 287 1
26 L 8 794 1
26 D 275 794 1
16 L 9 2 1
16 D 583 2 1
10 L 4 97 1
10 D 436 97 1
17 L 11 401 1
17 D 925 401 1
29 L 7 113 1
29 D 825 113 1
12 L 8 637 1
12 D 305 637 1
24 L 11 75 1
24 D 523 75 1
5 L 9 49 1
5 D 170 49 1
25 L 4 671 1
25 D 590 671 1
1 L 9 287 1
1 D 577 287 1
11 L 7 177 1
11 D 836 177 1
28 L 4 139 1
28 D 747 139 1
4 L 1 99 1
4 D 378 99 1
6 L 4 142 1
6 D 7 142 1
21 L 9 163 1
21 D 393 163 1
13 L 8 270 1
13 D 138 270 1
7 L 9 218 1
7 D 492 218 1
20 L 4 136 1
20 D 503 136 1
17 L 11 558 1
17 D 514 558 1
16 L 9 1086 1
16 D 639 1086 1
23 L 9 277 1
23 D 164 277 1
29 L 7 26 1
29 D 644 26 1
2 L 9 128 1
2 D 570 128 1
0 L 4 19 1
0 D 860 19 1
24 L 11 1025 1
24 D 329 1025 1
22 L 4 563 1
22 D 48 563 1
27 L 8 16 1
27 D 259 16 1
11 L 7 687 1
11 D 194 687 1
15 L 0 2 1
15 D 27 2 1
26 L 8 12 1
26 D 608 12 1
5 L 9 242 1
5 D 716 242 1
14 L 4 852 1
14 D 216 852 1
19 L 4 262 1
19 D 290 262 1
10 L 4 154 1
10 D 346 154 1
1 L 9 732 1
1 D 981 732 1
8 L 1 233 1
8 D 724 233 1
12 L 8 459 1
12 D 262 459 1
2 L 3 427 1
2 D 387 427 1
17 L 11 31 1
17 D 172 31 1
29 L 7 159 1
29 D 301 159 1
21 L 9 372 1
21 D 152 372 1
3 L 1 153 1
3 D 166 153 1
7 L 9 26 1
7 D 888 26 1
24 L 11 490 1
24 D 243 490 1
25 L 4 413 1
25 D 464 413 1
9 L 0 688 1
9 D 623 688 1
13 L 9 71 1
13 D 527 71 1
18 L 6 329 1
18 D 835 329 1
20 L 11 107 1
20 D 773 107 1
16 L 3 17 1
16 D 535 17 1
28 L 4 852 1
28 D 745 852 1
11 L 7 484 1
11 D 588 484 1
6 L 4 2 1
6 D 760 2 1
23 L 9 163 1
23 D 826 163 1
2 L 15 86 1
2 D 637 86 1
0 L 4 54 1
0 D 946 54 1
5 L 3 362 1
5 D 865 362 1
22 L 11 434 1
22 D 334 434 1
27 L 8 743 1
27 D 465 743 1
2 L 15 52 1
2 D 299 52 1
26 L 8 1003 1
26 D 581 1003 1
17 L 11 361 1
17 D 596 361 1
29 L 7 629 1
29 D 213 629 1
14 L 4 90 1
14 D 90 90 1
16 L 3 35 1
16 D 59 35 1
1 L 3 115 1
1 D 407 115 1
12 L 9 51 1
12 D 455 51 1
24 L 11 653 1
24 D 368 653 1
13 L 3 283 1
13 D 390 283 1
19 L 4 276 1
19 D 235 276 1
10 L 4 921 1
10 D 432 921 1
20 L 11 30 1
20 D 669 30 1
11 L 12 896 1
11 D 114 896 1
2 L 15 173 1
2 D 916 173 1
21 L 3 71 1
21 D 545 71 1
4 L 1 70 1
4 D 385 70 1
7 L 9 201 1
7 D 51 201 1
5 L 15 280 1
5 D 415 280 1
25 L 4 793 1
25 D 488 793 1
23 L 3 297 1
23 D 470 297 1
28 L 4 220 1
28 D 628 220 1
22 L 11 71 1
22 D 955 71 1
6 L 4 1070 1
6 D 699 1070 1
13 L 15 1854 1
13 D 927 1854 1
15 L 0 437 1
15 D 32 437 1
11 L 12 881 1
11 D 471 881 1
17 L 11 1285 1
17 D 968 1285 1
27 L 8 15 1
27 D 611 15 1
1 L 15 52 1
1 D 971 52 1
2 L 15 32 1
2 D 616 32 1
0 L 4 688 1
0 D 257 688 1
16 L 15 468 1
16 D 410 468 1
29 L 7 593 1
29 D 296 593 1
12 L 8 841 1
12 D 472 841 1
8 L 0 1087 1
8 D 295 1087 1
26 L 8 43 1
26 D 124 43 1
18 L 6 1 1
18 D 369 1 1
24 L 11 159 1
24 D 846 159 1
5 L 15 251 1
5 D 342 251 1
9 L 4 31 1
9 D 848 31 1
20 L 11 121 1
20 D 917 121 1
14 L 4 242 1
14 D 45 242 1
3 L 14 476 1
3 D 783 476 1
19 L 7 1765 1
19 D 371 1765 1
21 L 3 27 1
21 D 700 27 1
10 L 4 572 1
10 D 240 572 1
11 L 12 110 1
11 D 463 110 1
13 L 15 481 1
13 D 500 481 1
22 L 11 1938 1
22 D 217 1938 1
25 L 7 488 1
25 D 5 488 1
23 L 15 157 1
23 D 513 157 1
1 L 15 28 1
1 D 94 28 1
7 L 3 270 1
7 D 81 270 1
28 L 11 254 1
28 D 197 254 1
2 L 15 29 1
2 D 524 29 1
16 L 15 189 1
16 D 586 189 1
17 L 11 51 1
17 D 994 51 1
6 L 4 220 1
6 D 340 220 1
29 L 7 272 1
29 D 538 272 1
27 L 8 167 1
27 D 207 167 1
0 L 7 624 1
0 D 842 624 1
12 L 8 383 1
12 D 950 383 1
24 L 11 427 1
24 D 505 427 1
19 L 12 730 1
19 D 882 730 1
5 L 15 644 1
5 D 510 644 1
26 L 8 96 1
26 D 93 96 1
18 L 14 1843 1
18 D 8 1843 1
20 L 11 465 1
20 D 863 465 1
9 L 4 421 1
9 D 412 421 1
14 L 11 745 1
14 D 2 745 1
15 L 4 110 1
15 D 516 110 1
4 L 1 205 1
4 D 892 205 1
11 L 12 144 1
11 D 907 144 1
21 L 15 989 1
21 D 495 989 1
10 L 4 31 1
10 D 618 31 1
25 L 7 1106 1
25 D 887 1106 1
13 L 15 316 1
13 D 154 316 1
3 L 1 114 1
3 D 294 114 1
8 L 4 163 1
8 D 685 163 1
22 L 11 97 1
22 D 726 97 1
23 L 15 625 1
23 D 453 625 1
1 L 15 433 1
1 D 770 433 1
28 L 11 2 1
28 D 521 2 1
29 L 7 32 1
29 D 12 32 1
2 L 15 58 1
2 D 855 58 1
16 L 15 86 1
16 D 140 86 1
17 L 11 122 1
17 D 50 122 1
6 L 4 859 1
6 D 896 859 1
0 L 7 218 1
0 D 87 218 1
7 L 3 136 1
7 D 569 136 1
27 L 8 871 1
27 D 337 871 1
19 L 12 31 1
19 D 186 31 1
12 L 8 168 1
12 D 362 168 1
24 L 11 626 1
24 D 282 626 1
5 L 15 48 1
5 D 402 48 1
26 L 8 47 1
26 D 788 47 1
20 L 11 388 1
20 D 686 388 1
9 L 4 15 1
9 D 4 15 1
14 L 11 154 1
14 D 10 154 1
15 L 4 471 1
15 D 450 471 1
25 L 7 421 1
25 D 322 421 1
21 L 15 193 1
21 D 582 193 1
10 L 4 32 1
10 D 544 32 1
11 L 12 983 1
11 D 361 983 1
13 L 15 560 1
13 D 593 560 1
18 L 8 275 1
18 D 953 275 1
8 L 4 130 1
8 D 13 130 1
22 L 11 419 1
22 D 604 419 1
29 L 7 51 1
29 D 279 51 1
23 L 15 6 1
23 D 261 6 1
28 L 11 725 1
28 D 655 725 1
1 L 15 107 1
1 D 250 107 1
0 L 7 462 1
0 D 297 462 1
2 L 15 136 1
2 D 594 136 1
17 L 4 153 1
17 D 133 153 1
6 L 4 50 1
6 D 424 50 1
16 L 15 17 1
16 D 801 17 1
27 L 8 350 1
27 D 26 350 1
4 L 0 626 1
4 D 316 626 1
7 L 8 290 1
7 D 29 290 1
24 L 11 1441 1
24 D 831 1441 1
12 L 8 10 1
12 D 357 10 1
19 L 12 241 1
19 D 528 241 1
3 L 1 300 1
3 D 428 300 1
5 L 15 720 1
5 D 585 720 1
26 L 8 726 1
26 D 568 726 1
20 L 11 80 1
20 D 203 80 1
9 L 4 377 1
9 D 86 377 1
25 L 7 6 1
25 D 377 6 1
15 L 4 1923 1
15 D 312 1923 1
14 L 11 403 1
14 D 823 403 1
11 L 7 468 1
11 D 926 468 1
10 L 4 42 1
10 D 191 42 1
21 L 15 616 1
21 D 868 616 1
18 L 8 548 1
18 D 684 548 1
29 L 7 5 1
29 D 977 5 1
8 L 4 108 1
8 D 192 108 1
0 L 12 68 1
0 D 38 68 1
13 L 15 116 1
13 D 648 116 1
22 L 11 242 1
22 D 910 242 1
23 L 15 63 1
23 D 697 63 1
28 L 11 1357 1
28 D 107 1357 1
17 L 4 19 1
17 D 289 19 1
6 L 4 83 1
6 D 397 83 1
1 L 13 330 1
1 D 444 330 1
2 L 7 115 1
2 D 997 115 1
16 L 15 141 1
16 D 169 141 1
27 L 8 1029 1
27 D 782 1029 1
25 L 12 591 1
25 D 445 591 1
7 L 8 41 1
7 D 188 41 1
24 L 11 43 1
24 D 178 43 1
12 L 8 62 1
12 D 757 62 1
19 L 7 185 1
19 D 985 185 1
9 L 4 1159 1
9 D 625 1159 1
26 L 8 104 1
26 D 841 104 1
5 L 15 107 1
5 D 252 107 1
15 L 4 388 1
15 D 671 388 1
20 L 10 8 1
20 D 537 8 1
11 L 7 429 1
11 D 626 429 1
4 L 0 28 1
4 D 336 28 1
10 L 4 364 1
10 D 800 364 1
14 L 11 350 1
14 D 553 350 1
29 L 7 95 1
29 D 853 95 1
8 L 4 162 1
8 D 209 162 1
21 L 15 420 1
21 D 873 420 1
22 L 4 517 1
22 D 286 517 1
18 L 8 555 1
18 D 343 555 1
3 L 14 111 1
3 D 970 111 1
13 L 15 135 1
13 D 42 135 1
20 L 10 127 1
20 D 944 127 1
0 L 12 132 1
0 D 662 132 1
17 L 4 178 1
17 D 433 178 1
6 L 4 262 1
6 D 810 262 1
28 L 11 348 1
28 D 205 348 1
2 L 7 119 1
2 D 267 119 1
1 L 15 159 1
1 D 139 159 1
23 L 15 613 1
23 D 256 613 1
27 L 8 327 1
27 D 379 327 1
25 L 7 533 1
25 D 541 533 1
16 L 15 278 1
16 D 398 278 1
24 L 4 164 1
24 D 897 164 1
20 L 10 1590 1
20 D 247 1590 1
7 L 8 435 1
7 D 787 435 1
19 L 7 64 1
19 D 56 64 1
9 L 4 157 1
9 D 272 157 1
12 L 8 61 1
12 D 607 61 1
15 L 4 377 1
15 D 566 377 1
11 L 7 200 1
11 D 79 200 1
26 L 8 41 1
26 D 33 41 1
5 L 15 68 1
5 D 476 68 1
10 L 4 773 1
10 D 999 773 1
14 L 11 124 1
14 D 375 124 1
29 L 7 412 1
29 D 967 412 1
8 L 4 600 1
8 D 389 600 1
22 L 4 535 1
22 D 767 535 1
20 L 10 175 1
20 D 372 175 1
21 L 15 8 1
21 D 300 8 1
4 L 0 486 1
4 D 572 486 1
17 L 7 338 1
17 D 313 338 1
18 L 8 383 1
18 D 258 383 1
6 L 4 26 1
6 D 785 26 1
13 L 15 18 1
13 D 683 18 1
0 L 12 15 1
0 D 908 15 1
28 L 11 325 1
28 D 3 325 1
2 L 7 365 1
2 D 691 365 1
23 L 3 392 1
23 D 884 392 1
1 L 15 48 1
1 D 758 48 1
3 L 14 445 1
3 D 24 445 1
24 L 4 270 1
24 D 31 270 1
25 L 7 439 1
25 D 280 439 1
27 L 8 216 1
27 D 732 216 1
20 L 10 296 1
20 D 762 296 1
16 L 15 168 1
16 D 874 168 1
9 L 4 179 1
9 D 392 179 1
19 L 7 175 1
19 D 456 175 1
7 L 8 41 1
7 D 647 41 1
15 L 4 27 1
15 D 36 27 1
12 L 8 105 1
12 D 661 105 1
29 L 4 99 1
29 D 162 99 1
10 L 4 604 1
10 D 82 604 1
11 L 4 267 1
11 D 546 267 1
5 L 15 621 1
5 D 351 621 1
26 L 8 883 1
26 D 439 883 1
14 L 11 360 1
14 D 119 360 1
8 L 4 89 1
8 D 693 89 1
22 L 4 56 1
22 D 645 56 1
28 L 4 170 1
28 D 0 170 1
20 L 10 154 1
20 D 905 154 1
21 L 15 189 1
21 D 532 189 1
2 L 4 78 1
2 D 52 78 1
6 L 4 129 1
6 D 587 129 1
17 L 12 1715 1
17 D 982 1715 1
18 L 8 78 1
18 D 741 78 1
13 L 15 221 1
13 D 200 221 1
4 L 0 139 1
4 D 109 139 1
25 L 4 1590 1
25 D 332 1590 1
0 L 12 469 1
0 D 755 469 1
23 L 9 94 1
23 D 418 94 1
1 L 15 255 1
1 D 550 255 1
24 L 4 211 1
24 D 491 211 1
3 L 8 435 1
3 D 827 435 1
9 L 11 216 1
9 D 512 216 1
27 L 8 553 1
27 D 308 553 1
16 L 15 210 1
16 D 633 210 1
19 L 4 28 1
19 D 696 28 1
15 L 4 1024 1
15 D 744 1024 1
7 L 8 41 1
7 D 459 41 1
29 L 4 1154 1
29 D 804 1154 1
20 L 10 406 1
20 D 552 406 1
12 L 8 857 1
12 D 529 857 1
10 L 4 1344 1
10 D 40 1344 1
11 L 4 388 1
11 D 324 388 1
5 L 15 643 1
5 D 766 643 1
14 L 11 921 1
14 D 490 921 1
26 L 8 639 1
26 D 963 639 1
8 L 4 638 1
8 D 381 638 1
2 L 11 15 1
2 D 605 15 1
22 L 4 49 1
22 D 881 49 1
21 L 15 675 1
21 D 74 675 1
28 L 4 931 1
28 D 964 931 1
6 L 4 327 1
6 D 376 327 1
13 L 15 139 1
13 D 80 139 1
17 L 12 509 1
17 D 976 509 1
23 L 2 38 1
23 D 413 38 1
18 L 8 159 1
18 D 225 159 1
25 L 4 111 1
25 D 815 111 1
0 L 11 113 1
0 D 168 113 1
1 L 15 1061 1
1 D 345 1061 1
4 L 0 759 1
4 D 291 759 1
9 L 11 67 1
9 D 277 67 1
20 L 10 130 1
20 D 894 130 1
24 L 4 144 1
24 D 273 144 1
3 L 8 525 1
3 D 15 525 1
16 L 15 83 1
16 D 474 83 1
27 L 8 80 1
27 D 725 80 1
29 L 7 334 1
29 D 962 334 1
19 L 4 593 1
19 D 358 593 1
15 L 4 312 1
15 D 519 312 1
5 L 13 48 1
5 D 349 48 1
7 L 8 314 1
7 D 851 314 1
14 L 11 488 1
14 D 814 488 1
10 L 4 591 1
10 D 367 591 1
12 L 8 886 1
12 D 518 886 1
11 L 4 107 1
11 D 548 107 1
2 L 11 668 1
2 D 952 668 1
23 L 2 27 1
23 D 635 27 1
26 L 3 725 1
26 D 722 725 1
8 L 4 157 1
8 D 839 157 1
22 L 4 75 1
22 D 909 75 1
21 L 15 1545 1
21 D 609 1545 1
28 L 4 72 1
28 D 95 72 1
13 L 15 41 1
13 D 113 41 1
17 L 11 26 1
17 D 819 26 1
6 L 4 394 1
6 D 220 394 1
20 L 10 303 1
20 D 237 303 1
0 L 11 669 1
0 D 761 669 1
1 L 15 147 1
1 D 126 147 1
18 L 8 443 1
18 D 549 443 1
9 L 4 96 1
9 D 579 96 1
25 L 4 1094 1
25 D 595 1094 1
4 L 0 465 1
4 D 468 465 1
16 L 15 38 1
16 D 266 38 1
24 L 4 890 1
24 D 750 890 1
3 L 8 780 1
3 D 789 780 1
7 L 2 16 1
7 D 922 16 1
29 L 15 63 1
29 D 104 63 1
26 L 8 251 1
26 D 156 251 1
27 L 6 476 1
27 D 574 476 1
23 L 2 1057 1
23 D 315 1057 1
19 L 4 42 1
19 D 988 42 1
14 L 11 62 1
14 D 22 62 1
5 L 15 53 1
5 D 799 53 1
15 L 4 10 1
15 D 149 10 1
2 L 11 196 1
2 D 111 196 1
10 L 4 97 1
10 D 184 97 1
11 L 4 122 1
11 D 427 122 1
12 L 8 1047 1
12 D 202 1047 1
8 L 4 61 1
8 D 720 61 1
20 L 10 763 1
20 D 949 763 1
21 L 15 52 1
21 D 857 52 1
22 L 4 114 1
22 D 918 114 1
13 L 15 815 1
13 D 19 815 1
17 L 11 5 1
17 D 458 5 1
28 L 4 63 1
28 D 663 63 1
0 L 11 1495 1
0 D 141 1495 1
1 L 15 736 1
1 D 129 736 1
6 L 4 305 1
6 D 906 305 1
18 L 8 322 1
18 D 504 322 1
7 L 2 122 1
7 D 501 122 1
9 L 4 215 1
9 D 65 215 1
25 L 4 108 1
25 D 603 108 1
4 L 0 16 1
4 D 561 16 1
16 L 15 40 1
16 D 212 40 1
23 L 2 463 1
23 D 555 463 1
3 L 14 112 1
3 D 689 112 1
24 L 4 429 1
24 D 748 429 1
26 L 3 288 1
26 D 859 288 1
29 L 15 115 1
29 D 333 115 1
5 L 15 132 1
5 D 406 132 1
14 L 11 16 1
14 D 142 16 1
27 L 6 21 1
27 D 117 21 1
19 L 4 474 1
19 D 824 474 1
20 L 10 105 1
20 D 478 105 1
2 L 11 267 1
2 D 350 267 1
15 L 4 757 1
15 D 75 757 1
9 L 11 83 1
9 D 426 83 1
10 L 4 534 1
10 D 281 534 1
21 L 15 8 1
21 D 494 8 1
11 L 0 238 1
11 D 565 238 1
12 L 8 214 1
12 D 128 214 1
8 L 4 157 1
8 D 226 157 1
13 L 15 172 1
13 D 670 172 1
17 L 11 90 1
17 D 986 90 1
22 L 4 255 1
22 D 232 255 1
0 L 10 183 1
0 D 9 183 1
7 L 2 15 1
7 D 871 15 1
1 L 15 192 1
1 D 901 192 1
28 L 0 564 1
28 D 649 564 1
6 L 4 41 1
6 D 708 41 1
23 L 2 806 1
23 D 711 806 1
16 L 15 372 1
16 D 283 372 1
4 L 0 1962 1
4 D 675 1962 1
18 L 8 60 1
18 D 571 60 1
25 L 4 900 1
25 D 768 900 1
20 L 10 970 1
20 D 660 970 1
29 L 15 167 1
29 D 466 167 1
26 L 3 90 1
26 D 509 90 1
3 L 14 221 1
3 D 314 221 1
24 L 15 76 1
24 D 719 76 1
5 L 15 235 1
5 D 893 235 1
14 L 11 19 1
14 D 622 19 1
2 L 11 290 1
2 D 112 290 1
27 L 6 214 1
27 D 795 214 1
15 L 0 252 1
15 D 146 252 1
19 L 4 131 1
19 D 829 131 1
21 L 15 114 1
21 D 987 114 1
9 L 11 161 1
9 D 298 161 1
11 L 0 25 1
11 D 395 25 1
0 L 10 90 1
0 D 834 90 1
17 L 4 558 1
17 D 530 558 1
10 L 4 158 1
10 D 707 158 1
12 L 8 785 1
12 D 958 785 1
13 L 15 96 1
13 D 72 96 1
8 L 11 449 1
8 D 388 449 1
7 L 2 382 1
7 D 610 382 1
1 L 15 5 1
1 D 206 5 1
22 L 4 283 1
22 D 844 283 1
28 L 0 748 1
28 D 932 748 1
20 L 10 145 1
20 D 223 145 1
6 L 15 161 1
6 D 228 161 1
16 L 15 420 1
16 D 383 420 1
23 L 2 375 1
23 D 654 375 1
4 L 0 547 1
4 D 73 547 1
18 L 15 191 1
18 D 959 191 1
29 L 15 537 1
29 D 210 537 1
26 L 15 80 1
26 D 960 80 1
25 L 4 108 1
25 D 347 108 1
24 L 15 201 1
24 D 208 201 1
3 L 14 184 1
3 D 554 184 1
5 L 15 607 1
5 D 239 607 1
14 L 10 30 1
14 D 442 30 1
2 L 10 97 1
2 D 911 97 1
15 L 0 284 1
15 D 125 284 1
19 L 15 298 1
19 D 245 298 1
0 L 10 512 1
0 D 249 512 1
27 L 6 19 1
27 D 122 19 1
21 L 15 35 1
21 D 353 35 1
11 L 0 324 1
11 D 227 324 1
9 L 10 104 1
9 D 360 104 1
10 L 0 99 1
10 D 311 99 1
13 L 15 26 1
13 D 181 26 1
17 L 0 104 1
17 D 677 104 1
12 L 8 189 1
12 D 599 189 1
8 L 11 130 1
8 D 236 130 1
1 L 15 186 1
1 D 506 186 1
28 L 0 1762 1
28 D 681 1762 1
7 L 2 100 1
7 D 957 100 1
20 L 10 1355 1
20 D 934 1355 1
22 L 15 476 1
22 D 70 476 1
6 L 15 175 1
6 D 712 175 1
16 L 15 127 1
16 D 437 127 1
4 L 0 421 1
4 D 214 421 1
18 L 15 49 1
18 D 597 49 1
23 L 2 233 1
23 D 690 233 1
29 L 15 85 1
29 D 673 85 1
14 L 10 111 1
14 D 912 111 1
26 L 15 104 1
26 D 557 104 1
3 L 14 616 1
3 D 319 616 1
24 L 15 130 1
24 D 774 130 1
5 L 15 174 1
5 D 796 174 1
2 L 10 119 1
2 D 98 119 1
25 L 4 73 1
25 D 6 73 1
15 L 0 616 1
15 D 78 616 1
0 L 10 247 1
0 D 151 247 1
19 L 15 1514 1
19 D 49 1514 1
27 L 6 15 1
27 D 41 15 1
11 L 0 137 1
11 D 400 137 1
21 L 15 13 1
21 D 657 13 1
9 L 10 132 1
9 D 355 132 1
8 L 4 136 1
8 D 287 136 1
10 L 0 105 1
10 D 435 105 1
17 L 0 68 1
17 D 715 68 1
13 L 3 495 1
13 D 947 495 1
28 L 0 659 1
28 D 935 659 1
12 L 8 68 1
12 D 317 68 1
1 L 15 270 1
1 D 63 270 1
20 L 10 10 1
20 D 779 10 1
7 L 8 25 1
7 D 467 25 1
22 L 15 354 1
22 D 224 354 1
4 L 0 1127 1
4 D 993 1127 1
6 L 15 755 1
6 D 285 755 1
16 L 15 688 1
16 D 352 688 1
18 L 15 95 1
18 D 175 95 1
3 L 1 107 1
3 D 318 107 1
14 L 11 277 1
14 D 269 277 1
29 L 15 15 1
29 D 556 15 1
23 L 8 398 1
23 D 659 398 1
26 L 15 26 1
26 D 629 26 1
24 L 15 105 1
24 D 939 105 1
15 L 1 572 1
15 D 929 572 1
5 L 15 222 1
5 D 271 222 1
2 L 10 906 1
2 D 664 906 1
25 L 4 158 1
25 D 421 158 1
0 L 10 448 1
0 D 58 448 1
11 L 0 101 1
11 D 520 101 1
19 L 15 81 1
19 D 875 81 1
27 L 6 16 1
27 D 254 16 1
21 L 15 1277 1
21 D 425 1277 1
10 L 0 153 1
10 D 807 153 1
8 L 0 1306 1
8 D 883 1306 1
9 L 10 430 1
9 D 547 430 1
13 L 8 4 1
13 D 969 4 1
17 L 0 99 1
17 D 889 99 1
14 L 4 701 1
14 D 790 701 1
28 L 0 190 1
28 D 182 190 1
12 L 8 1041 1
12 D 898 1041 1
1 L 15 104 1
1 D 602 104 1
20 L 10 37 1
20 D 600 37 1
4 L 0 401 1
4 D 134 401 1
22 L 3 51 1
22 D 652 51 1
7 L 8 356 1
7 D 931 356 1
6 L 15 477 1
6 D 833 477 1
16 L 15 49 1
16 D 540 49 1
3 L 1 1335 1
3 D 980 1335 1
18 L 3 12 1
18 D 307 12 1
23 L 14 23 1
23 D 573 23 1
5 L 4 237 1
5 D 430 237 1
29 L 15 86 1
29 D 954 86 1
13 L 3 30 1
13 D 409 30 1
15 L 1 157 1
15 D 23 157 1
26 L 15 186 1
26 D 101 186 1
24 L 15 285 1
24 D 448 285 1
25 L 4 10 1
25 D 481 10 1
2 L 10 1147 1
2 D 303 1147 1
11 L 0 1034 1
11 D 440 1034 1
10 L 0 334 1
10 D 30 334 1
27 L 6 90 1
27 D 854 90 1
0 L 10 26 1
0 D 323 26 1
8 L 0 2 1
8 D 160 2 1
19 L 3 103 1
19 D 753 103 1
22 L 8 180 1
22 D 374 180 1
21 L 4 35 1
21 D 992 35 1
17 L 0 35 1
17 D 462 35 1
9 L 11 520 1
9 D 913 520 1
28 L 0 1209 1
28 D 522 1209 1
14 L 4 216 1
14 D 631 216 1
4 L 0 186 1
4 D 479 186 1
12 L 8 8 1
12 D 612 8 1
1 L 3 30 1
1 D 904 30 1
18 L 8 136 1
18 D 356 136 1
20 L 10 219 1
20 D 11 219 1
7 L 8 957 1
7 D 564 957 1
3 L 1 110 1
3 D 53 110 1
6 L 15 16 1
6 D 580 16 1
16 L 3 486 1
16 D 414 486 1
13 L 15 220 1
13 D 642 220 1
5 L 0 142 1
5 D 870 142 1
23 L 14 406 1
23 D 16 406 1
15 L 1 247 1
15 D 391 247 1
25 L 4 52 1
25 D 972 52 1
29 L 3 51 1
29 D 321 51 1
26 L 4 343 1
26 D 159 343 1
11 L 0 335 1
11 D 822 335 1
24 L 4 142 1
24 D 288 142 1
2 L 10 265 1
2 D 943 265 1
0 L 11 239 1
0 D 47 239 1
9 L 11 23 1
9 D 687 23 1
10 L 0 697 1
10 D 730 697 1
8 L 0 185 1
8 D 37 185 1
17 L 0 208 1
17 D 531 208 1
19 L 15 411 1
19 D 706 411 1
21 L 4 20 1
21 D 736 20 1
27 L 6 362 1
27 D 438 362 1
22 L 8 113 1
22 D 902 113 1
28 L 0 105 1
28 D 193 105 1
14 L 4 480 1
14 D 759 480 1
1 L 15 1270 1
1 D 634 1270 1
4 L 0 118 1
4 D 180 118 1
12 L 1 85 1
12 D 961 85 1
16 L 8 346 1
16 D 328 346 1
18 L 3 62 1
18 D 461 62 1
3 L 1 31 1
3 D 174 31 1
20 L 11 34 1
20 D 153 34 1
7 L 8 1 1
7 D 658 1 1
6 L 4 1447 1
6 D 382 1447 1
15 L 1 691 1
15 D 447 691 1
5 L 0 49 1
5 D 359 49 1
23 L 1 483 1
23 D 457 483 1
25 L 11 259 1
25 D 617 259 1
29 L 8 953 1
29 D 765 953 1
13 L 4 31 1
13 D 630 31 1
26 L 0 27 1
26 D 756 27 1
9 L 4 507 1
9 D 752 507 1
11 L 1 360 1
11 D 784 360 1
24 L 11 55 1
24 D 772 55 1
0 L 11 90 1
0 D 802 90 1
21 L 7 1410 1
21 D 731 1410 1
14 L 11 254 1
14 D 320 254 1
10 L 0 409 1
10 D 830 409 1
2 L 10 51 1
2 D 818 51 1
8 L 0 75 1
8 D 584 75 1
19 L 4 218 1
19 D 688 218 1
17 L 0 48 1
17 D 88 48 1
28 L 1 52 1
28 D 879 52 1
22 L 8 61 1
22 D 990 61 1
27 L 6 97 1
27 D 832 97 1
4 L 4 96 1
4 D 709 96 1
18 L 15 242 1
18 D 515 242 1
12 L 1 786 1
12 D 942 786 1
1 L 4 116 1
1 D 837 116 1
20 L 11 111 1
20 D 370 111 1
3 L 1 1601 1
3 D 575 1601 1
16 L 8 1300 1
16 D 363 1300 1
7 L 3 125 1
7 D 451 125 1
14 L 12 1282 1
14 D 215 1282 1
21 L 4 92 1
21 D 396 92 1
15 L 1 129 1
15 D 821 129 1
6 L 4 631 1
6 D 335 631 1
25 L 11 1433 1
25 D 794 1433 1
23 L 14 15 1
23 D 619 15 1
9 L 0 48 1
9 D 777 48 1
0 L 4 163 1
0 D 497 163 1
13 L 4 1201 1
13 D 91 1201 1
5 L 0 312 1
5 D 754 312 1
24 L 11 35 1
24 D 862 35 1
29 L 14 20 1
29 D 562 20 1
11 L 1 5 1
11 D 190 5 1
26 L 11 853 1
26 D 653 853 1
17 L 4 87 1
17 D 621 87 1
19 L 0 3 1
19 D 606 3 1
8 L 11 296 1
8 D 778 296 1
2 L 10 893 1
2 D 924 893 1
10 L 0 154 1
10 D 742 154 1
28 L 1 220 1
28 D 486 220 1
22 L 6 242 1
22 D 899 242 1
1 L 0 417 1
1 D 136 417 1
4 L 4 905 1
4 D 718 905 1
27 L 6 270 1
27 D 233 270 1
18 L 4 370 1
18 D 941 370 1
12 L 1 301 1
12 D 18 301 1
25 L 4 51 1
25 D 498 51 1
20 L 11 2 1
20 D 293 2 1
14 L 11 122 1
14 D 475 122 1
3 L 1 320 1
3 D 721 320 1
9 L 4 83 1
9 D 238 83 1
7 L 15 701 1
7 D 740 701 1
16 L 8 64 1
16 D 601 64 1
13 L 0 240 1
13 D 751 240 1
21 L 4 195 1
21 D 420 195 1
6 L 4 639 1
6 D 734 639 1
23 L 14 247 1
23 D 511 247 1
29 L 8 19 1
29 D 331 19 1
15 L 1 410 1
15 D 242 410 1
0 L 4 77 1
0 D 891 77 1
2 L 11 521 1
2 D 551 521 1
8 L 10 116 1
8 D 592 116 1
24 L 11 266 1
24 D 560 266 1
17 L 15 140 1
17 D 938 140 1
26 L 11 233 1
26 D 646 233 1
11 L 5 8 1
11 D 380 8 1
5 L 5 43 1
5 D 948 43 1
19 L 1 687 1
19 D 678 687 1
1 L 4 184 1
1 D 811 184 1
10 L 4 156 1
10 D 533 156 1
28 L 1 320 1
28 D 591 320 1
22 L 6 597 1
22 D 68 597 1
4 L 4 31 1
4 D 116 31 1
25 L 11 668 1
25 D 34 668 1
3 L 5 106 1
3 D 408 106 1
18 L 4 263 1
18 D 576 263 1
12 L 14 231 1
12 D 404 231 1
20 L 11 288 1
20 D 147 288 1
14 L 11 420 1
14 D 656 420 1
7 L 9 353 1
7 D 268 353 1
27 L 8 77 1
27 D 704 77 1
9 L 4 8 1
9 D 144 8 1
13 L 1 657 1
13 D 843 657 1
16 L 3 23 1
16 D 771 23 1
21 L 7 196 1
21 D 856 196 1
24 L 10 50 1
24 D 89 50 1
11 L 5 372 1
11 D 218 372 1
6 L 4 353 1
6 D 534 353 1
5 L 5 216 1
5 D 61 216 1
2 L 11 441 1
2 D 246 441 1
23 L 6 246 1
23 D 173 246 1
8 L 10 228 1
8 D 895 228 1
29 L 5 56 1
29 D 429 56 1
15 L 1 188 1
15 D 728 188 1
26 L 11 321 1
26 D 869 321 1
17 L 13 6 1
17 D 558 6 1
0 L 3 36 1
0 D 270 36 1
19 L 9 15 1
19 D 517 15 1
1 L 11 512 1
1 D 85 512 1
28 L 5 93 1
28 D 890 93 1
25 L 10 33 1
25 D 120 33 1
10 L 1 412 1
10 D 984 412 1
4 L 5 213 1
4 D 692 213 1
20 L 4 318 1
20 D 563 318 1
14 L 10 695 1
14 D 598 695 1
7 L 15 33 1
7 D 150 33 1
21 L 4 421 1
21 D 803 421 1